
		====================>>> Bank Queue Management System <<<===================== 
		============================================================================= 


			      ==========>> Customers Sorted Queue <<========= 

  ID 	 Priority   Arrival-Time   Service-Duration   Waiting-Time   Start-Service-Time   Teller-ID   Leave-Time
 --------------------------------------------------------------------------------------------------------------
  8  	 VIP      	8 		 9		   0		    8		      1		   17

  4  	 VIP      	10 		 5		   0		    10		      2		   15

  9  	 Regular  	10 		 6		   0		    10		      3		   16

  2  	 Regular  	12 		 8		   3		    15		      2		   23

  7  	 Regular  	14 		 7		   2		    16		      3		   23

  6  	 VIP      	17 		 6		   0		    17		      1		   23

  3  	 Regular  	18 		 7		   5		    23		      3		   30

  1  	 Regular  	20 		 6		   3		    23		      2		   29

  5  	 Regular  	20 		 9		   3		    23		      1		   32

  10  	 Regular  	22 		 7		   7		    29		      2		   36

  11  	 Regular  	25 		 8		   5		    30		      3		   38

  12  	 Regular  	28 		 6		   4		    32		      1		   38

  13  	 VIP      	32 		 7		   4		    36		      2		   43

  14  	 Regular  	35 		 5		   3		    38		      3		   43

  15  	 Regular  	37 		 9		   1		    38		      1		   47

  16  	 Regular  	40 		 6		   3		    43		      3		   49

  17  	 Regular  	42 		 7		   1		    43		      2		   50

  18  	 VIP      	45 		 8		   2		    47		      1		   55

  21  	 VIP      	47 		 10		   2		    49		      3		   59

  19  	 Regular  	48 		 6		   2		    50		      2		   56

  20  	 Regular  	50 		 7		   5		    55		      1		   62

  22  	 Regular  	56 		 12		   0		    56		      2		   68

  23  	 VIP      	58 		 8		   1		    59		      3		   67

  24  	 Regular  	60 		 9		   2		    62		      1		   71

  25  	 Regular  	62 		 7		   5		    67		      3		   74

  26  	 Regular  	65 		 6		   3		    68		      2		   74

  27  	 VIP      	68 		 7		   3		    71		      1		   78

  28  	 Regular  	70 		 8		   4		    74		      3		   82

  29  	 Regular  	72 		 9		   2		    74		      2		   83

  30  	 Regular  	75 		 10		   3		    78		      1		   88

  31  	 Regular  	78 		 11		   4		    82		      3		   93

  32  	 VIP      	80 		 7		   3		    83		      2		   90

  33  	 Regular  	82 		 6		   6		    88		      1		   94

  34  	 Regular  	85 		 8		   5		    90		      2		   98

  35  	 Regular  	88 		 9		   5		    93		      3		   102

  36  	 Regular  	90 		 7		   4		    94		      1		   101

  37  	 Regular  	92 		 6		   6		    98		      2		   104

  38  	 VIP      	95 		 7		   6		    101		      1		   108

  39  	 Regular  	98 		 8		   4		    102		      3		   110

  40  	 Regular  	100 		 9		   4		    104		      2		   113

  41  	 Regular  	102 		 10		   6		    108		      1		   118

  42  	 Regular  	105 		 12		   5		    110		      3		   122

  43  	 VIP      	108 		 7		   5		    113		      2		   120

  44  	 Regular  	110 		 8		   8		    118		      1		   126

  45  	 Regular  	112 		 9		   8		    120		      2		   129

  46  	 Regular  	115 		 10		   7		    122		      3		   132

  47  	 Regular  	118 		 11		   8		    126		      1		   137

  48  	 Regular  	120 		 12		   9		    129		      2		   141

  49  	 VIP      	122 		 7		   10		    132		      3		   139

  50  	 Regular  	125 		 8		   12		    137		      1		   145

 --------------------------------------------------------------------------------------------------------------
 Total (time unit) : 			397		   203

 Average (time unit/customer) : 	7.94		   4.06
 --------------------------------------------------------------------------------------------------------------


				    ==========>> Tellers List <<========= 

  ID   State    Total-customers    start-service  Avg-Service   total-service-time    end-service   efficiency
 --------------------------------------------------------------------------------------------------------------
  1    busy 		17		 8	    8.06		137		  145		97.97 %

  2    busy 		17		 10	    7.71		131		  141		98.06 %

  3    busy 		16		 10	    8.06		129		  139		97.97 %

 --------------------------------------------------------------------------------------------------------------
